1222
55551222
55551222
55551222
55551222
55551222
55551222
55551222
55551222
55551222
55551222
55551222
55551222
55551222
55551222
55551222
55551222
55551222
55551222
55551222
55551222
55551222
55551222
55551222
55551222
55551222
55551222
55551222
55551222
55551222
55551222
55551222
55551222
55551222
55551222
55551222
55551222
55551222
55551222
55551222
55551222
55551222
55551222
55551222
55551222
55551222
55551222
55551222
55551222
55551222
55551222
55551222
55551222
55551222
55551222
55551222
55551222
55551222
55551222
55551222
55551222
55551222
55551222
55551222
55551222
55551222
55551222
55551222
55551222
55551222
55551222
55551222
55551222
55551222
55551222
55551222
55551222
55551222
55551222
55551222
55551222
55551222
55551222
55551222
55551222
55551222
55551222
55551222
55551222
55551222
55551222
55551222
55551222
55551222
55551222
55551222
55551222
55551222
55551222
55551222
55551222
55551222
55551222
55551222
55551222
55551222
55551222
55551222
55551222
55551222
55551222
55551222
55551222
55551222
55551222
55551222
55551222
55551222
55551222
55551222
55551222
55551222
5555
